0 0.279411 0.46789 0.157194 0.0211299
0 0.356045 0.396535 0.147896 0.0228027
0 0.297963 0.626605 0.160943 0.0162527
0 0.250931 0.489944 0.100673 0.0175877
0 0.250536 0.330126 0.100545 0.0162904
0 0.256498 0.375715 0.0919264 0.0152059
0 0.307777 0.447659 0.206821 0.0174896
0 0.251705 0.535461 0.103465 0.0175693
0 0.236504 0.512739 0.0746549 0.015435
0 0.226496 0.398589 0.0523183 0.0140268
0 0.333466 0.258282 0.0742716 0.0218161
0 0.311069 0.424909 0.209524 0.018431
0 0.747462 0.398496 0.13988 0.0151389
0 0.363152 0.284723 0.20166 0.0240753
0 0.777148 0.876374 0.152816 0.0182693
0 0.738477 0.172296 0.0697334 0.0250748
0 0.527252 0.450201 0.14379 0.0202869
0 0.675262 0.33105 0.103906 0.015314
0 0.571076 0.261294 0.0854398 0.0156623
0 0.283924 0.260245 0.166827 0.0248004
0 0.675625 0.37551 0.10304 0.0174263
0 0.672128 0.491076 0.104076 0.0151802
0 0.446702 0.533297 0.160044 0.0194084
0 0.262509 0.556647 0.121019 0.0182106
0 0.300284 0.199009 0.122944 0.0165111
0 0.67175 0.534657 0.102688 0.0154013
0 0.786513 0.303146 0.301621 0.0214879
0 0.240816 0.556948 0.0777132 0.0153307
0 0.294985 0.171789 0.138329 0.0202221
0 0.126686 0.199542 0.114913 0.0251917
0 0.176242 0.875532 0.141136 0.0222931
0 0.790058 0.399336 0.252153 0.019281
0 0.890191 0.176088 0.070894 0.0187444
0 0.451923 0.489353 0.124135 0.0233139
0 0.313352 0.602916 0.192429 0.0196049
0 0.44744 0.194758 0.0639671 0.0154644
0 0.560638 0.466336 0.251325 0.0269428
0 0.295889 0.284003 0.0673717 0.0210935
0 0.273214 0.353148 0.149937 0.0236108
0 0.863032 0.197709 0.12545 0.0202006
0 0.0857989 0.183059 0.0307615 0.139825
0 0.413477 0.376759 0.141723 0.0183463
