0 0.505388 0.486017 0.123019 0.0185528
0 0.536288 0.574796 0.146232 0.0201138
0 0.481399 0.630238 0.0642517 0.0224781
0 0.523997 0.787643 0.150253 0.0198068
0 0.475084 0.404425 0.0632584 0.0188118
0 0.603142 0.831236 0.120786 0.012756
0 0.474387 0.423376 0.0590847 0.0224497
0 0.481258 0.865446 0.0629381 0.0190598
0 0.554283 0.42549 0.200395 0.0222622
0 0.530672 0.512082 0.0643992 0.0174131
0 0.47297 0.187093 0.0594263 0.01849
0 0.390866 0.905061 0.0812934 0.0108977
0 0.517102 0.127246 0.116405 0.0234155
0 0.470224 0.307073 0.0411773 0.0155948
0 0.47661 0.901241 0.0534865 0.0136774
0 0.555447 0.306207 0.20232 0.0226203
0 0.530866 0.769701 0.166073 0.0203648
0 0.512814 0.809443 0.126961 0.0154169
0 0.53701 0.945111 0.062375 0.0236879
0 0.480174 0.92919 0.050942 0.0182198
0 0.473111 0.751719 0.051332 0.0149446
0 0.46875 0.209229 0.0524204 0.0178454
0 0.502727 0.32738 0.117795 0.019118
0 0.644501 0.674352 0.0326812 0.0119834
0 0.458863 0.348113 0.029899 0.0110332
0 0.476369 0.914321 0.0525196 0.0152377
0 0.547016 0.888375 0.186184 0.0139369
0 0.575472 0.72935 0.0433443 0.0187846
0 0.477221 0.73008 0.0585104 0.0131469
0 0.475205 0.460087 0.0591457 0.0139518
0 0.46734 0.287373 0.0489952 0.0145702
0 0.627233 0.652583 0.0549503 0.0208685
0 0.602761 0.847768 0.115983 0.0197907
0 0.500713 0.694242 0.110429 0.0133578
0 0.3815 0.797041 0.0789707 0.0199047
0 0.575525 0.228036 0.163396 0.0150608
0 0.624346 0.63238 0.0443462 0.0208097
0 0.566723 0.345431 0.0669902 0.0172573
0 0.470368 0.488248 0.0546007 0.0305684
0 0.364423 0.942319 0.0192744 0.00901558
0 0.598639 0.955563 0.0690438 0.0159872
0 0.520245 0.36705 0.0321007 0.0102342
0 0.468645 0.267617 0.0538021 0.0176232
0 0.518997 0.769383 0.140848 0.0161685
0 0.394007 0.933198 0.0847698 0.00994674
0 0.70352 0.41648 0.0216528 0.0178132
0 0.490508 0.556448 0.0814758 0.0144731
0 0.373855 0.915427 0.0387171 0.010967
0 0.705342 0.883004 0.0241582 0.0118976
0 0.471876 0.327337 0.0558952 0.0151725
0 0.477247 0.789937 0.0572682 0.0183515
0 0.533574 0.268273 0.182799 0.0182081
0 0.703569 0.440002 0.0220775 0.0106745
0 0.70424 0.610797 0.0188439 0.0105356
0 0.630351 0.108143 0.0523918 0.0120775
0 0.472938 0.808457 0.0483906 0.0146099
0 0.554901 0.44594 0.200389 0.0226339
0 0.466508 0.248868 0.0503282 0.016593
0 0.702522 0.341548 0.021863 0.011483
0 0.567295 0.729551 0.0466799 0.0187095
0 0.705588 0.728352 0.02252 0.0115904
0 0.705281 0.785689 0.022022 0.0112018
0 0.619598 0.188585 0.0621063 0.0144527
0 0.465089 0.651891 0.0334917 0.0171312
0 0.48985 0.487291 0.0900171 0.021908
0 0.560698 0.445381 0.184411 0.0161318
0 0.479399 0.887768 0.0588882 0.0125514
0 0.374241 0.923497 0.0372629 0.00855912
0 0.633235 0.534794 0.0379812 0.0213209
0 0.631221 0.633258 0.0362262 0.019288
0 0.70234 0.361913 0.0217549 0.0132825
0 0.5854 0.287043 0.0545355 0.0180586
0 0.479127 0.845498 0.058724 0.0263367
0 0.477522 0.61559 0.0574616 0.0153867
0 0.473806 0.770977 0.0511051 0.0147265
0 0.617513 0.633165 0.0493734 0.0198604
0 0.546034 0.405491 0.184234 0.0202677
0 0.629312 0.695316 0.0620295 0.0124724
0 0.394063 0.915476 0.0866338 0.0116277
0 0.521686 0.368591 0.0305889 0.00853243
0 0.49877 0.53867 0.0678701 0.0112236
0 0.530362 0.672723 0.0558358 0.0154388
0 0.51287 0.0906989 0.1079 0.013575
0 0.576482 0.209171 0.16208 0.0150139
0 0.514588 0.672719 0.0301779 0.0149679
0 0.702169 0.302382 0.020685 0.0145
0 0.483221 0.326925 0.0756194 0.0153839
0 0.470469 0.692884 0.0505207 0.0153256
0 0.702326 0.282121 0.0213705 0.01004
0 0.470918 0.556525 0.0474426 0.0121927
0 0.55661 0.557216 0.174687 0.0178084
0 0.495561 0.574268 0.0646574 0.0168303
0 0.558906 0.693074 0.195322 0.0220531
0 0.705183 0.767294 0.0224815 0.0112799
0 0.5234 0.888819 0.145455 0.0123241
0 0.536316 0.750456 0.175127 0.0194023
0 0.700702 0.240931 0.0237104 0.0145412
0 0.547011 0.248035 0.181961 0.0144694
0 0.603966 0.729945 0.10818 0.0198901
0 0.466829 0.327426 0.0419665 0.0134781
