0 0.476494 0.403827 0.0654329 0.0193882
0 0.390947 0.905335 0.0810433 0.0108361
0 0.475535 0.630212 0.0521335 0.0221216
0 0.480112 0.845233 0.0585121 0.0232749
0 0.481356 0.865418 0.0621338 0.01908
0 0.480344 0.42329 0.0707357 0.0213332
0 0.507761 0.488571 0.127416 0.0203943
0 0.482142 0.929394 0.0561728 0.0193171
0 0.501793 0.326866 0.116906 0.0190471
0 0.45872 0.348042 0.0296581 0.011331
0 0.467042 0.306972 0.0481665 0.0160032
0 0.603188 0.847405 0.116003 0.0185979
0 0.484034 0.631104 0.0665585 0.0199969
0 0.529935 0.512384 0.0611464 0.0164482
0 0.476916 0.790107 0.0566267 0.0185467
0 0.510284 0.127986 0.103199 0.0226165
0 0.471005 0.186915 0.0559855 0.0214188
0 0.554505 0.425004 0.200928 0.0221038
0 0.536944 0.945126 0.0622362 0.0229915
0 0.63051 0.652711 0.0621989 0.023273
0 0.575715 0.227578 0.162544 0.0167211
0 0.472437 0.45997 0.054743 0.0147006
0 0.53634 0.574808 0.147399 0.0201296
0 0.476158 0.914478 0.0526943 0.0154649
0 0.469697 0.209619 0.0526081 0.0193221
0 0.476202 0.900677 0.0526351 0.0125249
0 0.501996 0.694158 0.113914 0.0143536
0 0.470688 0.490239 0.0554045 0.0314251
0 0.531073 0.769384 0.165851 0.0202903
0 0.467472 0.287104 0.0484478 0.0145177
0 0.605492 0.831657 0.115333 0.0125482
0 0.645172 0.67412 0.0323747 0.0112816
0 0.509539 0.888991 0.118269 0.0118637
0 0.473979 0.750949 0.0527021 0.0161005
0 0.575298 0.2861 0.0532537 0.0203537
0 0.466107 0.247506 0.0507452 0.0168807
0 0.471619 0.327603 0.0561546 0.0155266
0 0.529568 0.672581 0.0577976 0.0156909
0 0.567605 0.34569 0.0589251 0.017872
0 0.705331 0.882793 0.0249461 0.0116175
0 0.478228 0.887773 0.0562395 0.0128159
0 0.475513 0.808575 0.0551609 0.0160265
0 0.534121 0.268093 0.184601 0.0171127
0 0.491924 0.556617 0.0890053 0.0134207
0 0.375318 0.923613 0.0374203 0.0090681
0 0.364649 0.942357 0.0181944 0.00890006
0 0.702539 0.341911 0.022071 0.01074
0 0.47503 0.729868 0.0548146 0.0135839
0 0.495684 0.573504 0.0646117 0.0195507
0 0.55687 0.305737 0.201082 0.0232988
